842536 - Mateus Henrique Medeiros Diniz

   atual     prx      D       T        JK

m a b c d   a b c   a b c   a b c   aa bb cc
0 0 0 0 0	0 0 0	0 0 0	0 0 0	01 01 01
1 0 0 0 1	0 0 1	0 0 1	0 0 1	01 01 10
2 0 0 1 0	0 0 1	0 0 1	0 0 0	01 01 10
3 0 0 1 1	0 1 1	0 1 1	0 1 0	01 10 10
4 0 1 0 0	0 0 0	0 0 0	0 1 0	01 01 01
5 0 1 0 1	0 1 1	0 1 1	0 0 1	01 10 10
6 0 1 1 0	0 1 1	0 1 1	0 0 0	01 10 10
7 0 1 1 1	1 0 1	1 0 1	1 1 0	10 01 10
8 1 0 0 0	0 0 0	0 0 0	1 0 0	01 01 01
9 1 0 0 1	1 0 1	1 0 1	0 0 1	10 01 10
A 1 0 1 0	1 0 1	1 0 1	0 0 0	10 01 10
B 1 0 1 1	1 1 1	1 1 1	0 1 0	10 10 10
C 1 1 0 0	0 0 0	0 0 0	1 1 0	01 01 01
D 1 1 0 1	1 1 1	1 1 1	0 0 1	10 10 10
E 1 1 1 0	1 1 1	1 1 1	0 0 0	10 10 10
F 1 1 1 1	0 0 0	0 0 0	1 1 1	01 01 01

1)
	a) a'bcd+ac'd+acd'+adb'
	b) (B'+C'+D').(C+D).(B+C).(B+D)
	c) c'd+cd'+a'd+b'd
	d) ac'd'+bcd
	e) (C+D').(C'+D).(B+C)
	f) abd+c'd
	
